0.000	0.045
0.020	0.060
0.040	-0.087
0.060	-0.068
0.080	0.012
0.100	0.071
0.120	0.377
0.140	0.213
0.160	0.211
0.180	0.176
0.200	0.125
0.220	0.104
0.240	-0.012
0.260	0.143
0.280	0.211
0.300	0.182
0.320	0.341
0.340	0.120
0.360	0.094
0.380	0.202
0.400	0.136
0.420	0.045
0.440	-0.221
0.460	0.166
0.480	0.232
0.500	0.128
0.520	0.382
0.540	0.218
0.560	0.201
0.580	0.418
0.600	0.266
0.620	-0.034
0.640	-0.132
0.660	0.124
0.680	0.197
0.700	0.116
0.720	0.279
0.740	0.103
0.760	0.128
0.780	0.457
0.800	0.247
0.820	0.133
0.840	0.152
0.860	0.173
0.880	0.103
0.900	-0.227
0.920	0.030
0.940	-0.232
0.960	-0.009
0.980	0.460
1.000	0.243
1.020	0.148
1.040	0.046
1.060	0.099
1.080	0.252
1.100	0.009
1.120	-0.005
1.140	-0.141
1.160	-0.049
1.180	0.186
1.200	0.047
1.220	0.044
1.240	0.084
1.260	0.190
1.280	0.213
1.300	-0.034
1.320	0.024
1.340	-0.291
1.360	-0.417
1.380	-0.000
1.400	0.081
1.420	0.029
1.440	-0.015
1.460	0.104
1.480	0.049
1.500	-0.074
1.520	-0.061
1.540	-0.288
1.560	-0.156
1.580	0.214
1.600	-0.049
1.620	-0.118
1.640	0.044
1.660	0.109
1.680	0.133
1.700	-0.033
1.720	-0.074
1.740	-0.260
1.760	-0.100
1.780	0.032
1.800	-0.205
1.820	-0.338
1.840	0.004
1.860	0.243
1.880	0.101
1.900	-0.074
1.920	-0.008
1.940	-0.311
1.960	-0.117
1.980	0.302
2.000	-0.032
2.020	-0.078
2.040	-0.068
2.060	0.092
2.080	0.139
2.100	-0.188
2.120	-0.110
2.140	-0.279
2.160	-0.067
2.180	0.237
2.200	-0.106
2.220	0.015
2.240	-0.256
2.260	-0.185
2.280	-0.035
2.300	-0.202
2.320	-0.067
2.340	-0.339
2.360	-0.140
2.380	0.234
2.400	-0.057
2.420	-0.071
2.440	-0.039
2.460	0.095
2.480	0.004
2.500	-0.249
2.520	-0.029
2.540	-0.364
2.560	-0.153
2.580	0.179
2.600	-0.060
2.620	-0.197
2.640	-0.118
2.660	0.137
2.680	0.149
2.700	0.054
2.720	0.019
2.740	-0.333
2.760	-0.122
2.780	0.352
2.800	0.161
2.820	0.042
2.840	-0.146
2.860	0.066
2.880	0.109
2.900	-0.133
2.920	-0.047
2.940	-0.392
2.960	-0.096
2.980	0.320
3.000	0.151
3.020	0.075
3.040	-0.078
3.060	0.030
3.080	-0.096
3.100	-0.207
3.120	-0.210
3.140	-0.431
3.160	-0.176
3.180	0.108
3.200	-0.031
3.220	-0.121
3.240	-0.148
3.260	0.151
3.280	0.177
3.300	0.297
3.320	0.095
3.340	-0.249
3.360	0.116
3.380	0.194
3.400	0.133
3.420	0.029
3.440	-0.229
3.460	0.034
3.480	-0.053
3.500	-0.073
3.520	-0.172
3.540	-0.611
3.560	0.147
3.580	0.309
3.600	0.193
3.620	0.351
3.640	-0.180
3.660	0.112
3.680	0.150
3.700	0.178
3.720	0.149
3.740	-0.323
3.760	0.151
3.780	0.184
3.800	0.007
3.820	0.237
3.840	-0.197
3.860	0.078
3.880	0.339
3.900	0.282
3.920	0.068
3.940	-0.584
3.960	0.032
3.980	0.058
4.000	0.034
4.020	0.341
4.040	-0.065
4.060	0.114
4.080	0.240
4.100	0.299
4.120	0.112
4.140	-0.345
4.160	0.135
4.180	0.270
4.200	0.310
4.220	0.428
4.240	-0.084
4.260	0.076
4.280	0.237
4.300	0.376
4.320	0.149
4.340	-0.458
4.360	0.137
4.380	0.361
4.400	0.108
4.420	0.325
4.440	-0.071
4.460	0.187
4.480	0.544
4.500	0.416
4.520	0.225
4.540	0.023
4.560	0.323
4.580	0.320
4.600	0.087
4.620	0.252
4.640	-0.022
4.660	0.068
4.680	0.415
4.700	0.435
4.720	0.312
4.740	0.157
4.760	0.129
4.780	0.050
4.800	0.169
4.820	0.347
4.840	0.033
4.860	0.145
4.880	0.377
4.900	0.348
4.920	0.341
4.940	0.249
4.960	0.284
4.980	0.203
5.000	0.174
5.020	0.302
5.040	0.005
5.060	0.165
5.080	0.573
5.100	0.391
5.120	1.033
5.140	6.086
5.160	12.872
5.180	16.533
5.200	18.229
5.220	19.384
5.240	19.562
5.260	19.701
5.280	19.844
5.300	19.333
5.320	18.749
5.340	17.991
5.360	17.274
5.380	16.248
5.400	15.175
5.420	14.513
5.440	13.393
5.460	12.560
5.480	11.852
5.500	10.857
5.520	10.172
5.540	9.581
5.560	9.028
5.580	8.361
5.600	7.761
5.620	7.301
5.640	6.676
5.660	6.408
5.680	6.189
5.700	5.865
5.720	5.543
5.740	5.454
5.760	5.401
5.780	5.145
5.800	5.039
5.820	4.859
5.840	4.524
5.860	4.384
5.880	4.312
5.900	4.167
5.920	4.033
5.940	3.978
5.960	3.980
5.980	3.910
6.000	4.035
6.020	3.842
6.040	3.604
6.060	3.809
6.080	3.728
6.100	3.507
6.120	3.419
6.140	3.383
6.160	3.463
6.180	3.291
6.200	3.501
6.220	3.435
6.240	3.194
6.260	3.342
6.280	3.250
6.300	3.099
6.320	2.967
6.340	2.958
6.360	3.132
6.380	2.959
6.400	2.995
6.420	3.032
6.440	2.888
6.460	3.195
6.480	2.888
6.500	2.758
6.520	2.838
6.540	2.677
6.560	2.783
6.580	2.534
6.600	2.656
6.620	2.750
6.640	2.632
6.660	3.002
6.680	2.699
6.700	2.505
6.720	2.760
6.740	2.563
6.760	2.531
6.780	2.359
6.800	2.590
6.820	2.536
6.840	2.390
6.860	2.788
6.880	2.478
6.900	2.219
6.920	2.424
6.940	2.359
6.960	2.399
6.980	2.173
7.000	2.137
7.020	2.258
7.040	2.031
7.060	2.432
7.080	2.255
7.100	2.157
7.120	2.503
7.140	2.206
7.160	2.145
7.180	1.872
7.200	2.078
7.220	2.148
7.240	2.051
7.260	2.393
7.280	2.005
7.300	1.845
7.320	2.095
7.340	2.156
7.360	2.122
7.380	1.680
7.400	1.908
7.420	2.065
7.440	2.016
7.460	2.294
7.480	1.883
7.500	1.794
7.520	2.199
7.540	2.020
7.560	1.953
7.580	1.513
7.600	1.557
7.620	1.892
7.640	1.826
7.660	2.229
7.680	1.975
7.700	1.750
7.720	1.955
7.740	1.816
7.760	1.861
7.780	1.648
7.800	1.649
7.820	1.689
7.840	1.587
7.860	1.975
7.880	1.665
7.900	1.553
7.920	2.005
7.940	1.757
7.960	1.740
7.980	1.513
8.000	1.477
8.020	1.689
8.040	1.652
8.060	1.973
8.080	1.669
8.100	1.533
8.120	1.943
8.140	1.686
8.160	1.742
8.180	1.520
8.200	1.394
8.220	1.548
8.240	1.373
8.260	1.666
8.280	1.536
8.300	1.313
8.320	1.730
8.340	1.617
8.360	1.638
8.380	1.397
8.400	1.248
8.420	1.593
8.440	1.435
8.460	1.718
8.480	1.509
8.500	1.289
8.520	1.664
8.540	1.501
8.560	1.516
8.580	1.213
8.600	1.091
8.620	1.434
8.640	1.345
8.660	1.679
8.680	1.416
8.700	0.898
8.720	1.422
8.740	1.449
8.760	1.509
8.780	1.586
8.800	1.251
8.820	1.364
8.840	1.244
8.860	1.451
8.880	1.196
8.900	0.791
8.920	1.400
8.940	1.470
8.960	1.531
8.980	1.568
9.000	1.175
9.020	1.522
9.040	1.622
9.060	1.520
9.080	1.291
9.100	0.960
9.120	1.363
9.140	1.366
9.160	1.313
9.180	1.330
9.200	1.093
9.220	1.382
9.240	1.633
9.260	1.599
9.280	1.416
9.300	1.214
9.320	1.428
9.340	1.330
9.360	1.249
9.380	1.263
9.400	0.938
9.420	1.206
9.440	1.479
9.460	1.532
9.480	1.318
9.500	1.137
9.520	1.279
9.540	1.285
9.560	1.521
9.580	1.414
9.600	1.031
9.620	1.234
9.640	1.323
9.660	1.345
9.680	1.173
9.700	1.102
9.720	1.409
9.740	1.385
9.760	1.650
9.780	1.404
9.800	0.982
9.820	1.245
9.840	1.441
9.860	1.472
9.880	1.228
9.900	1.039
9.920	1.257
9.940	1.234
9.960	1.507
9.980	1.242
10.000	0.905
10.020	1.251
10.040	1.355
10.060	1.403
10.080	1.092
10.100	0.952
10.120	1.198
10.140	1.189
10.160	1.587
10.180	1.482
10.200	1.051
10.220	1.090
10.240	1.227
10.260	1.459
10.280	1.235
10.300	1.047
10.320	1.295
10.340	1.270
10.360	1.670
10.380	1.539
10.400	1.021
10.420	1.355
10.440	1.341
10.460	1.368
10.480	1.155
10.500	0.949
10.520	1.130
10.540	1.271
10.560	1.618
10.580	1.380
10.600	0.968
10.620	1.207
10.640	1.260
10.660	1.321
10.680	1.138
10.700	0.945
10.720	1.162
10.740	1.199
10.760	1.489
10.780	1.248
10.800	1.048
10.820	1.516
10.840	1.364
10.860	1.474
10.880	1.345
10.900	1.008
10.920	1.206
10.940	1.084
10.960	1.433
10.980	1.259
11.000	0.934
11.020	1.476
11.040	1.317
11.060	1.387
11.080	1.236
11.100	0.987
11.120	1.085
11.140	0.907
11.160	1.281
11.180	1.139
11.200	0.897
11.220	1.320
11.240	1.198
11.260	1.179
11.280	0.952
11.300	1.060
11.320	1.178
11.340	1.159
11.360	1.520
11.380	1.096
11.400	0.878
11.420	1.286
11.440	1.158
11.460	1.015
11.480	0.784
11.500	0.866
11.520	0.999
11.540	0.833
11.560	1.276
11.580	1.163
11.600	1.049
11.620	1.249
11.640	1.090
11.660	1.265
11.680	1.103
11.700	0.960
11.720	1.123
11.740	0.987
11.760	1.195
11.780	0.993
11.800	0.724
11.820	1.022
11.840	0.975
11.860	0.914
11.880	1.136
11.900	0.961
11.920	0.940
11.940	1.066
11.960	1.185
11.980	1.040
12.000	0.915
12.020	1.191
12.040	1.154
12.060	1.221
12.080	1.441
12.100	1.320
12.120	1.068
12.140	0.895
12.160	1.117
12.180	0.943
12.200	0.883
12.220	1.072
12.240	1.046
12.260	1.040
12.280	1.031
12.300	1.072
12.320	0.977
12.340	1.161
12.360	1.193
12.380	0.994
12.400	0.931
12.420	0.947
12.440	0.989
12.460	0.926
12.480	1.024
12.500	1.176
12.520	1.117
12.540	1.048
12.560	0.931
12.580	0.988
12.600	1.375
12.620	1.144
12.640	0.898
12.660	1.015
12.680	1.095
12.700	1.004
12.720	0.842
12.740	0.981
12.760	1.087
12.780	1.119
12.800	1.283
12.820	0.993
12.840	0.840
12.860	1.051
12.880	1.241
12.900	1.316
12.920	1.209
12.940	1.201
12.960	1.283
12.980	1.073
13.000	1.173
13.020	1.020
13.040	0.841
13.060	0.983
13.080	0.893
13.100	1.031
13.120	0.814
13.140	0.827
13.160	0.945
13.180	1.011
13.200	1.270
13.220	1.026
13.240	0.900
13.260	1.078
13.280	1.016
13.300	1.217
13.320	1.206
13.340	1.065
13.360	1.189
13.380	1.055
13.400	1.108
13.420	0.839
13.440	0.711
13.460	1.128
13.480	0.997
13.500	1.136
13.520	1.078
13.540	0.922
13.560	1.029
13.580	0.927
13.600	1.104
13.620	0.911
13.640	0.715
13.660	0.984
13.680	0.920
13.700	1.085
13.720	1.199
13.740	1.106
13.760	1.080
13.780	1.386
13.800	1.507
13.820	0.911
13.840	0.603
13.860	0.930
13.880	0.909
13.900	1.097
13.920	1.084
13.940	0.863
13.960	0.938
13.980	1.158
14.000	1.312
14.020	0.944
14.040	0.748
14.060	1.029
14.080	1.019
14.100	1.213
14.120	1.107
14.140	0.741
14.160	0.835
14.180	1.052
14.200	1.428
14.220	1.203
14.240	0.989
14.260	0.975
14.280	0.869
14.300	1.156
14.320	1.184
14.340	0.872
14.360	0.959
14.380	1.174
14.400	1.316
14.420	0.925
14.440	0.581
14.460	0.934
14.480	0.964
14.500	1.173
14.520	1.155
14.540	0.812
14.560	0.819
14.580	1.213
14.600	1.547
14.620	0.979
14.640	0.890
14.660	1.057
14.680	0.991
14.700	1.144
14.720	1.063
14.740	0.880
14.760	0.909
14.780	1.222
14.800	1.345
14.820	0.966
14.840	0.986
14.860	0.982
14.880	0.999
14.900	1.059
14.920	0.929
14.940	0.781
14.960	0.642
14.980	1.140
15.000	1.366
15.020	0.735
